//Escena 

void setup(){
  size(500,300);
  background(0,26,90);
  noStroke();
 fill(219,150,0);
 rect(70,100,120,200);
 fill(229,180,73);
 rect(150,100,40,200);
 fill(203,97,32);
 rect(80,140,30,25);
 rect(80,175,30,25);
 rect(80,210,30,25);
 fill(230,215,187);
 ellipse(400,60,90,90);
 fill(200,172,117);
 ellipse(420,80,20,20);
 ellipse(430,60,10,10);
 ellipse(435,70,7,7);
 fill(90,63,9);
 rect(40,220,15,80);
 fill(188,157,108);
 rect(50,220,5,80);
 fill(112,167,58);
 ellipse(70,230,50,50);
  fill(79,142,58);
 ellipse(80,200,35,40);
 fill(162,189,49);
 ellipse(40,200,50,50);
 fill(110,170,110);
 ellipse(30,230,30,35);
 fill(50,101,52);
 ellipse(45,220,55,35);
 fill(94,160,153);
 rect(210,278,20,15);
 rect(230,263,55,30);
 rect(285,278,20,15);
 fill(0);
 ellipse(230,295,10,10);
 ellipse(285,295,10,10);
 fill(255,255,255,98);
 rect(235,267,45,10);
 ellipse(330,270,40,25);
 ellipse(345,260,20,25);
 ellipse(335,255,17,17);
 ellipse(350,240,10,10);
 ellipse(341,243,7,7);
 fill(154,153,157);
 rect(305,286,8,5);
 fill(160,17,39);
 rect(485,220,3,80);
 rect(462,220,23,3);
 fill(254,238,0);
 ellipse(462,235,5,5);
 fill(160,17,39);
 triangle(462,220,455,235,470,235); 
}
